0 -8190.00 
50 -8067.00 
100 -7956.00 
150 -7860.00 
200 -7779.00 
250 -7683.00 
300 -7597.00 
350 -7502.00 
400 -7386.00 
450 -7285.00 
500 -7177.00 
550 -7078.00 
600 -6993.00 
650 -6866.00 
700 -6758.00 
750 -6648.00 
800 -6527.00 
850 -6445.00 
900 -6363.00 
950 -6276.00 
1000 -6188.00 
1050 -6082.00 
1100 -5999.00 
1150 -5907.00 
1200 -5809.00 
1250 -5696.00 
1300 -5578.00 
1350 -5462.00 
1400 -5359.00 
1450 -5276.00 
1500 -5173.00 
1550 -5065.00 
1600 -4971.00 
1650 -4872.00 
1700 -4785.00 
1750 -4693.00 
1800 -4604.00 
1850 -4498.00 
1900 -4400.00 
1950 -4310.00 
2000 -4210.00 
2050 -4121.00 
2100 -3998.00 
2150 -3912.00 
2200 -3816.00 
2250 -3713.00 
2300 -3616.00 
2350 -3531.00 
2400 -3416.00 
2450 -3317.00 
2500 -3222.00 
2550 -3131.00 
2600 -3045.00 
2650 -2942.00 
2700 -2819.00 
2750 -2731.00 
2800 -2641.00 
2850 -2532.00 
2900 -2419.00 
2950 -2318.00 
3000 -2220.00 
3050 -2123.00 
3100 -2017.00 
3150 -1938.00 
3200 -1828.00 
3250 -1744.00 
3300 -1644.00 
3350 -1548.00 
3400 -1460.00 
3450 -1384.00 
3500 -1267.00 
3550 -1173.00 
3600 -1070.00 
3650 -958.00 
3700 -858.00 
3750 -748.00 
3800 -637.00 
3850 -514.00 
3900 -413.00 
3950 -293.00 
4000 -178.00 
4050 -73.00 
4100 19.00 
4150 149.00 
4200 240.00 
4250 313.00 
4300 415.00 
4350 514.00 
4400 612.00 
4450 714.00 
4500 806.00 
4550 893.00 
4600 1018.00 
4650 1119.00 
4700 1219.00 
4750 1322.00 
4800 1406.00 
4850 1490.00 
4900 1596.00 
4950 1696.00 
5000 1769.00 
5050 1891.00 
5100 1988.00 
5150 2069.00 
5200 2163.00 
5250 2237.00 
5300 2341.00 
5350 2417.00 
5400 2511.00 
5450 2614.00 
5500 2721.00 
5550 2830.00 
5600 2938.00 
5650 3016.00 
5700 3123.00 
5750 3206.00 
5800 3336.00 
5850 3422.00 
5900 3522.00 
5950 3628.00 
6000 3720.00 
6050 3826.00 
6100 3907.00 
6150 4003.00 
6200 4106.00 
6250 4196.00 
6300 4292.00 
6350 4418.00 
6400 4514.00 
6450 4620.00 
6500 4729.00 
6550 4824.00 
6600 4900.00 
6650 5011.00 
6700 5091.00 
6750 5171.00 
6800 5298.00 
6850 5406.00 
6900 5537.00 
6950 5630.00 
7000 5739.00 
7050 5842.00 
7100 5930.00 
7150 6049.00 
7200 6159.00 
7250 6241.00 
7300 6331.00 
7350 6423.00 
7400 6526.00 
7450 6619.00 
7500 6732.00 
7550 6801.00 
7600 6913.00 
7650 7036.00 
7700 7142.00 
7750 7258.00 
7800 7391.00 
7850 7510.00 
7900 7601.00 
7950 7729.00 
8000 7816.00 
8050 7913.00 
8100 8007.00 
8150 8123.00 
