0 -2917.00 
50 -6489.00 
100 -5126.00 
150 -2609.00 
200 6194.00 
250 5306.00 
300 -4872.00 
350 2965.00 
400 2541.00 
450 731.00 
500 -3973.00 
550 -7683.00 
600 -6416.00 
650 4372.00 
700 4144.00 
750 -2454.00 
800 6969.00 
850 -451.00 
900 8032.00 
950 6361.00 
1000 3509.00 
1050 7522.00 
1100 2192.00 
1150 2669.00 
1200 262.00 
1250 -3950.00 
1300 -3448.00 
1350 -4323.00 
1400 7531.00 
1450 -1830.00 
1500 -6447.00 
1550 -4494.00 
1600 -5113.00 
1650 -2819.00 
1700 2904.00 
1750 -974.00 
1800 3662.00 
1850 4074.00 
1900 -6934.00 
1950 3811.00 
2000 2343.00 
2050 1054.00 
2100 -5934.00 
2150 -5344.00 
2200 -4469.00 
2250 3134.00 
2300 4992.00 
2350 6303.00 
2400 3835.00 
2450 -2830.00 
2500 3595.00 
2550 -6668.00 
2600 -519.00 
2650 -59.00 
2700 4410.00 
2750 4246.00 
2800 -7928.00 
2850 2937.00 
2900 -557.00 
2950 1283.00 
3000 7144.00 
3050 2292.00 
3100 -3947.00 
3150 -2839.00 
3200 5071.00 
3250 -1605.00 
3300 2990.00 
3350 6410.00 
3400 -5781.00 
3450 -3361.00 
3500 -2536.00 
3550 -2782.00 
3600 4751.00 
3650 -6652.00 
3700 -7424.00 
3750 -2706.00 
3800 -4949.00 
3850 2175.00 
3900 6594.00 
3950 -3893.00 
4000 -4558.00 
4050 5320.00 
4100 -6024.00 
4150 -2349.00 
4200 7321.00 
4250 5060.00 
4300 -3012.00 
4350 -3654.00 
4400 7152.00 
4450 6378.00 
4500 -2716.00 
4550 6110.00 
4600 7094.00 
4650 4730.00 
4700 7020.00 
4750 4801.00 
4800 -8049.00 
4850 6208.00 
4900 -6290.00 
4950 -3065.00 
5000 6457.00 
5050 -5773.00 
5100 -4409.00 
5150 945.00 
5200 601.00 
5250 6153.00 
5300 6195.00 
5350 1133.00 
5400 3980.00 
5450 -6316.00 
5500 4510.00 
5550 -4706.00 
5600 3300.00 
5650 1958.00 
5700 -3802.00 
5750 5262.00 
5800 4839.00 
5850 6660.00 
5900 -6981.00 
5950 -7636.00 
6000 -358.00 
6050 -8100.00 
6100 -6671.00 
6150 3335.00 
6200 1944.00 
6250 -514.00 
6300 -6289.00 
6350 -5607.00 
6400 4789.00 
6450 -7653.00 
6500 5181.00 
6550 -3620.00 
6600 2536.00 
6650 -990.00 
6700 -6104.00 
6750 3335.00 
6800 -34.00 
6850 3728.00 
6900 -4532.00 
6950 -6425.00 
7000 82.00 
7050 -2425.00 
7100 -2734.00 
7150 -7571.00 
7200 6513.00 
7250 -1368.00 
7300 -3239.00 
7350 -834.00 
7400 -7811.00 
7450 -1840.00 
7500 8085.00 
7550 3260.00 
7600 -7843.00 
7650 -7975.00 
7700 399.00 
7750 2017.00 
7800 3975.00 
7850 -4272.00 
7900 6097.00 
7950 253.00 
8000 2831.00 
8050 -1888.00 
8100 2465.00 
8150 1722.00 
